0653135141
0799290257
0843180917
0877186369
0866899991
0762303549
0687764185
0783367423
0746914244
0611894714
0849250682
0713240036
0684215026
0683627144
0749071072
0619680185
0634686127
0843812268
0651970095
0651867585
0694238459
0652465789
0679943336
0651950731
0607402540
0717936108
0828802982
0764645306
0695773590
0717854413
0658918248
0744520589
0654192155
0829490637
0816466527
0877855498
0762809847
0864481506
0868269110
0876041633
0674151080
0745546745
0848803535
0879376847
0828778150
0787047552
0688525391
0877631953
0662259317
0637217166
0612103918
0713479709
0877417002
0661849224
0617708457
0799164700
0605779186
0661884266
0681002357
0725616445
0845104657
0817151395
0878254988
0653676985
0746385962
0814662149
0846855353
0688193922
0832302194
0873175720
0631292434
0666230065
0712653606
0813329247
0724092140
0619546314
0613069918
0729706668
0618756261
0839072229
0726742599
0604215873
0662434816
0819850066
0816642307
0666905780
0796476742
0692412765
0849013242
0692003956
0876198217
0684447053
0668190970
0682425771
0792820721
0792988967
0827492514
0682958518
0821559298
0608626961
0604181724
0716686799
0656842335
0601730927
0872127190
0658283884
0822007115
0665333094
0798618951
0713360125
0847546804
0783871936
0813603297
0821432125
0689110816
0748192181
0674682765
0832504814
0686963418
0747807255
0874193283
0635791075
0722283018
0684716859
0877678548
0788847911
0604999622
0656011991
0699067119
0654400467
0689971405
0823247048
0715962704
0654517373
0783533325
0827892229
0601060345
0637345904
0674540639
0814412881
0824339721
0618371223
0761864214
0843186384
0819053204
0672560147
0845472731
0728836871
0698472040
0844409746
0725839824
0795627037
0615680365
0607486577
0664848448
0746058901
0846535491
0872067480
0668039466
0662444079
0692996239
0841161475
0768410813
0712514713
0654188584
0786902352
0615166589
0839107717
0655644755
0849080148
0796417147
0615216253
0824303226
0742433405
0872449728
0729688923
0603672245
0613997244
0872198115
0868488863
0672451776
0829233723
0845312744
0768970961
0675930066
0605587560
0879560268
0787192081
0837775373
0745097757
0824654000
0608553246
0769684062
0879199783
0713886678
0762477430
0692472419
0871531330
0769997561
0633617953
0658020329
0839011346
0635257156
0872409385
0821739093
0814607909
0602275394
0602916064
0718381802
0639870804
0728948087
0606730061
0796545660
0827886536
0651958822
0661648946
0721216017
0823523271
0785121078
0781994009
0781284477
0786805423
0668654580
0609742790
0694548890
0837913654
0874185304
0879529076
0792713357
0652184880
0879745478
0843642907
0836388232
0745112265
0864773578
0847030573
0838857275
0781888096
0684246052
0836192755
0635238963
0865387742
0684693814
0615172559
0688106759
0607143950
0677143216
0877754384
0848592937
0784267353
0683484068
0694757257
0656120751
0682535256
0652553401
0678305083
0635365636
0721569303
0846330528
0684535557
0711566851
0728522815
0819195333
0652867623
0699494903
0866330360
0677558946
0631001478
0768451550
0658707761
0864863753
0659918567
0847269799
0865152086
0786583385
0668881584
0839313910
0765941657
0615222726
0838214205
0838745727
0787272101
0782693550
0614643329
0795601982
0869925666
0845101029
0663039158
0721721085
0658176574
0791238606
0787635264
0782307229
0863273379
0697234838
0615282992
0684271555
0799165203
0874177268
0793008999
0871002879
0604522511
0865371559
0616422596
0616575104
0634106001
0747457929
0741856238
0794519632
0811197699
0783138074
0769924570
0797157814
0792650078
0744168197
0717664907
0658043989
0746633949
0675547596
0795206454
0672060488
0618065648
0825981713
0797052963
0728023882
0794889270
0783272002
0863064732
0635332599
0867943112
0606235092
0619039182
0742862416
0789549353
0615232270
0834762534
0631641869
0601488019
0836492526
0844035533
0689444571
0695957797
0813838448
0671710105
0849633933
0826622159
0866549886
0634202652
0812806545
0612802622
0605073114
0877072589
0761583975
0655831470
0781864100
0711404354
0639485877
0877192730
0666312709
0821217228
0825780266
0715648870
0688677731
0828840315
0821429055
0719857115
0636874204
0765508963
0677550409
0719880943
0821473417
0656364776
0687765190
0658897713
0783878016
0816789123
0674660501
0715446473
0834567448
0741574434
0764244142
0869064967
0844593504
0728620357
0618292208
0651210452
0815318892
0617892994
0786443210
0866844861
0616507080
0782893323
0633108196
0604167381
0725948584
0877216223
0821803099
0729275759
0791112212
0843882971
0651752687
0715407746
0783071335
0619956241
0688133765
0612651898
0766598791
0616674041
0833330303
0762047693
0674803523
0843299832
0868011247
0819615638
0631870101
0827494745
0711126791
0845907490
0862764347
0833951163
0654908381
0711006257
0638233331
0749392719
0769868714
0749526198
0789805373
0667574296
0849801732
0725612819
0844790042
0794282026
0616782633
0637942879
0831278160
0762333293
0866167861
0724724385
0863141797
0866576729
0871595112
0668696597
0655034274
0798892217
0769983331
0672130019
0877390159
0653190889
0796532713
0611826412
0741425274
0635160672
0741505630
0749286527
0783538570
0816321999
0769871390
0613302725
0792566094
0796368543
0639479740
0782482952
0799533834
0618189531
0747870590
0606018189
0713509173
0823391410
0639501951
0874030507
0635590744
0741861873
0743363077
0697423228
0783908429
0826769868
0837974479
0862880920
0788623362
0799565588
0746387913
0827869404
0696927924
0654980479
0711186387
0745635751
0788045749
0876027237
0849484160
0863011441
0878556601
0845291651
0662364615
0799138976
0863167297
0841953929
0638819260
0795678039
0688044259
0639484594
0871764921
0816216087
0816630589
0788547137
0664470385
0659319636
0637198027
0654873561
0819883547
0693345005
0684842360
0766416706
0798469120
0712890545
0761230743
0788218793
0783447666
0666535360
0653575089
0715187048
0838984228
0601764800
0719243563
0743634948
0781900091
0609970466
0819903748
0825097855
0662257418
0655406867
0837172315
0608845037
0838401257
0836748774
0848675746
0632212338
0844786302
0849653633
0823774551
0838697290
0818512198
0831438648
0674107273
0827785756
0835365761
0786137075
0861040325
0781822416
0823736718
0749844832
0679732404
0687951514
0818560970
0792885898
0871207227
0845671946
0617009194
0794437493
0794829783
0665198775
0725065114
0827770856
0762300758
0639673878
0692528948
0655803514
0669818065
0601840131
0748058757
0861206560
0619158375
0822318938
0618901013
0601759276
0798384524
0631119668
0618707155
0728735256
0679654671
0748927939
0846374167
0634271569
0608280316
0685748203
0783935995
0842199851
0675981295
0609674935
0814863487
0744072663
0794565113
0662485932
0672760086
0812948452
0722204783
0838561076
0668211560
0662060548
0864653098
0794550994
0687716532
0787966619
0821059696
0721477955
0683467383
0614680717
0841377934
0749687748
0637367722
0791912535
0617632508
0841939142
0615004539
0658210783
0862626068
0797395366
0835216378
0868870997
0694850951
0781465947
0691159604
0744830742
0749115155
0613758577
0844526430
0607230555
0768708799
0831283015
0612881136
0828135807
0818272078
0824338101
0827724318
0765351153
0723350579
0864566606
0813501567
0684061682
0793359106
0614167275
0818117617
0676313933
0611323462
0652593299
0694678576
0674356712
0784655738
0631109177
0768049991
0655256089
0667759896
0794134485
0631068776
0834544291
0631906094
0828592607
0612972877
0785210250
0605681085
0717928854
0685251057
0679981450
0797030081
0875743648
0616648652
0722139886
0682676715
0822549682
0601779921
0603213881
0686375870
0662140904
0874790370
0725774031
0824601547
0714356758
0602128075
0788107524
0711260939
0748687093
0821931165
0743806038
0769783894
0768777270
0697350908
0611557108
0687804029
0604546336
0614907275
0694350401
0656370243
0721019702
0742564541
0668765457
0632808870
0749713192
0655018593
0876265738
0693976858
0666758294
0717223340
0785297916
0747971538
0667056112
0829015032
0603425095
0819133729
0699674029
0662000113
0795105283
0717585500
0825710678
0676066280
0879327738
0844230174
0783295941
0744382478
0634612968
0765752319
0662590952
0618398901
0744012730
0829617757
0699080846
0607490318
0619476842
0839066983
0655781080
0604833444
0868934111
0844504667
0867620627
0607492884
0827800712
0668688841
0604741088
0686743052
0787546372
0694847045
0746190316
0824014614
0601047067
0618863068
0824922411
0875894482
0877585024
0794276948
0822797724
0699125822
0717848720
0867284975
0695582859
0875608046
0878932881
0601739688
0767950665
0787396820
0719338483
0834149876
0688480245
0791704056
0863972754
0688680578
0864656951
0695897920
0619149169
0872153082
0697872383
0722502825
0697587456
0619044929
0668424394
0814199436
0673413590
0826489907
0874636913
0607159800
0689278055
0617260806
0634371679
0766177200
0798446131
0729376761
0697344715
0768325267
0671674000
0689391725
0838390039
0782990589
0721937042
0815328657
0846715010
0761948533
0668857366
0674301021
0827671360
0712401380
0829544321
0699985573
0664349907
0672166514
0744354354
0785590322
0875622724
0811092567
0711925159
0608854525
0781143130
0656059422
0694175683
0667048690
0606345695
0745978212
0821306120
0841974575
0617446240
0696791320
0656797915
0654965188
0666441835
0866472378
0722413765
0861884787
0726110800
0793197614
0868128879
0795012706
0694489126
0672474657
0813624222
0722488373
0873928332
0826851340
0877828824
0843659871
0764442520
0671215359
0614731943
0764430521
0819161572
0823735658
0677854087
0786484893
0713246622
0787110999
0687068829
0876447597
0683681218
0749206169
0607732000
0608675900
0726142441
0687708494
0638914794
0728777833
0673602315
0656536815
0653574756
0637563200
0634281946
0637155449
0619660043
0676988978
0741037780
0825272405
0818542722
0869403801
0825007511
0821126940
0602376116
0814187550
0748449095
0614570674
0693095064
0655686161
0636850264
0832925343
0722984348
0656965100
0608839234
0675132703
0831610356
0793437063
0786627915
0841099981
0658138128
0697587401
0682584474
0792140655
0744388953
0835807716
0714233325
0865974449
0729840370
0613395859
0609255131
0691727342
0866626168
0799555933
0834931559
0724536386
0832398287
0699455116
0816675399
0726992426
0872855917
0847719624
0665323552
0783234000
0684703914
0795416047
0694171441
0659085712
0763355652
0837158644
0664747389
0768302445
0602605077
0767092921
0634360965
0746670332
0824527384
0843895638
0871102989
0817006755
0744479018
0815774801
0678845533
0654160347
0796097675
0825469668
0632241915
0818003947
0786450575
0677990245
0866527453
0675186217
0874355167
0603509021
0676551486
0671809823
0769606050
0749012814
0651840187
0695785086
0672775992
0824075493
0826203137
0664241092
0871585124
0837703390
0607965532
0832104599
0877640434
0872502686
0721372821
0612192811
0873471642
0865071451
0865282719
0614501032
0798317895
0605338122
0747536276
0823464679
0637125483
0787819301
0768782905
0614928478
0842496944
0875937840
0689828270
0656143407
0619691067
0727022840
0726634286
0674212798
0797309653
0795319116
0603861808
0633863707
0606939880
0607157176
0876898483
0689641052
0764961373
0833579128
0822752694
0784838715
0784328233
0671171887
0722996736
0666900813
0616678617
0741448878
0863133592
0871998732
0652074055
0727616133
0614064990
